LGBMClassifier:
  subsample: 0.9361289555144665
  reg_lambda: 1.9517201745891524
  reg_alpha: 1
  num_leaves: 13
  n_estimators: 826
  max_depth: 12
  learning_rate: 0.02520017403854532
  colsample_bytree: 0.6314435287293312
  scale_pos_weight: 19