LGBMClassifier:
  subsample: 0.6507631810615698
  reg_lambda: 0.14502516392192977
  num_leaves: 54
  n_estimators: 455
  max_depth: 8
  learning_rate: 0.014943986178804566
  colsample_bytree: 0.5601655044537822
  scale_pos_weight: 19